11 12 23 
-81.2831554776
22.7484913973
74.650047184
72.9406503754
13.1204078298
-21.6538192993
12 
-81.2831554776
22.7484913973
74.650047184
72.9406503754
13.1204078298
-21.6538192993
03 
-81.2831554776
22.7484913973
74.650047184
72.9406503754
13.1204078298
-21.6538192993
12 
-81.2831554776
22.7484913973
74.650047184
72.9406503754
13.1204078298
-21.6538192993
11 12 
-81.2831554776
22.7484913973
74.650047184
72.9406503754
13.1204078298
-21.6538192993
12 
-81.2831554776
22.7484913973
74.650047184
72.9406503754
13.1204078298
-21.6538192993
12 
-81.2831554776
22.7484913973
74.650047184
72.9406503754
13.1204078298
-21.6538192993
23 
-81.2831554776
22.7484913973
74.650047184
72.9406503754
13.1204078298
-21.6538192993
12 
-81.2831554776
22.7484913973
74.650047184
72.9406503754
13.1204078298
-21.6538192993
23 
-81.2831554776
22.7484913973
74.650047184
72.9406503754
13.1204078298
-21.6538192993
12 23 
-81.2831554776
22.7484913973
74.650047184
72.9406503754
13.1204078298
-21.6538192993
12 
-81.2831554776
22.7484913973
74.650047184
72.9406503754
13.1204078298
-21.6538192993
12 23 
-81.2831554776
22.7484913973
74.650047184
72.9406503754
13.1204078298
-21.6538192993
11 24 
-81.2831554776
22.7484913973
74.650047184
72.9406503754
13.1204078298
-21.6538192993
12 23 
-81.2831554776
22.7484913973
74.650047184
72.9406503754
13.1204078298
-21.6538192993
11 
-81.2831554776
22.7484913973
74.650047184
72.9406503754
13.1204078298
-21.6538192993
12 
-81.2831554776
22.7484913973
74.650047184
72.9406503754
13.1204078298
-21.6538192993
12 23 
-81.2831554776
22.7484913973
74.650047184
72.9406503754
13.1204078298
-21.6538192993
23 
-81.2831554776
22.7484913973
74.650047184
72.9406503754
13.1204078298
-21.6538192993
23 24 
-81.2831554776
22.7484913973
74.650047184
72.9406503754
13.1204078298
-21.6538192993
23 27 
-81.2831554776
22.7484913973
74.650047184
72.9406503754
13.1204078298
-21.6538192993
11 
-81.2831554776
22.7484913973
74.650047184
72.9406503754
13.1204078298
-21.6538192993
12 13 
-81.2831554776
22.7484913973
74.650047184
72.9406503754
13.1204078298
-21.6538192993
12 
-81.2831554776
22.7484913973
74.650047184
72.9406503754
13.1204078298
-21.6538192993
21 25 
-81.2831554776
22.7484913973
74.650047184
72.9406503754
13.1204078298
-21.6538192993
23 27 
-81.2831554776
22.7484913973
74.650047184
72.9406503754
13.1204078298
-21.6538192993
27 
-81.2831554776
22.7484913973
74.650047184
72.9406503754
13.1204078298
-21.6538192993
23 27 
-81.2831554776
22.7484913973
74.650047184
72.9406503754
13.1204078298
-21.6538192993
23 
-81.2831554776
22.7484913973
74.650047184
72.9406503754
13.1204078298
-21.6538192993
12 
-81.2831554776
22.7484913973
74.650047184
72.9406503754
13.1204078298
-21.6538192993
23 
-81.2831554776
22.7484913973
74.650047184
72.9406503754
13.1204078298
-21.6538192993
23 
-81.2831554776
22.7484913973
74.650047184
72.9406503754
13.1204078298
-21.6538192993
11 
-81.2831554776
22.7484913973
74.650047184
72.9406503754
13.1204078298
-21.6538192993
12 23 
-81.2831554776
22.7484913973
74.650047184
72.9406503754
13.1204078298
-21.6538192993
23 
-81.2831554776
22.7484913973
74.650047184
72.9406503754
13.1204078298
-21.6538192993
12 23 
-81.2831554776
22.7484913973
74.650047184
72.9406503754
13.1204078298
-21.6538192993
12 
-81.2831554776
22.7484913973
74.650047184
72.9406503754
13.1204078298
-21.6538192993
11 
-81.2831554776
22.7484913973
74.650047184
72.9406503754
13.1204078298
-21.6538192993
12 24 
-81.2831554776
22.7484913973
74.650047184
72.9406503754
13.1204078298
-21.6538192993
12 
-81.2831554776
22.7484913973
74.650047184
72.9406503754
13.1204078298
-21.6538192993
12 
-81.2831554776
22.7484913973
74.650047184
72.9406503754
13.1204078298
-21.6538192993
11 12 23 
-81.2831554776
22.7484913973
74.650047184
72.9406503754
13.1204078298
-21.6538192993
23 24 
-81.2831554776
22.7484913973
74.650047184
72.9406503754
13.1204078298
-21.6538192993
12 23 
-81.2831554776
22.7484913973
74.650047184
72.9406503754
13.1204078298
-21.6538192993
12 
-81.2831554776
22.7484913973
74.650047184
72.9406503754
13.1204078298
-21.6538192993
12 23 
-81.2831554776
22.7484913973
74.650047184
72.9406503754
13.1204078298
-21.6538192993
12 24 
-81.2831554776
22.7484913973
74.650047184
72.9406503754
13.1204078298
-21.6538192993
11 12 23 
-81.2831554776
22.7484913973
74.650047184
72.9406503754
13.1204078298
-21.6538192993
12 
-81.2831554776
22.7484913973
74.650047184
72.9406503754
13.1204078298
-21.6538192993
12 
-81.2831554776
22.7484913973
74.650047184
72.9406503754
13.1204078298
-21.6538192993
23 
-81.2831554776
22.7484913973
74.650047184
72.9406503754
13.1204078298
-21.6538192993
12 23 
-81.2831554776
22.7484913973
74.650047184
72.9406503754
13.1204078298
-21.6538192993
11 12 13 
-81.2831554776
22.7484913973
74.650047184
72.9406503754
13.1204078298
-21.6538192993
23 
-81.2831554776
22.7484913973
74.650047184
72.9406503754
13.1204078298
-21.6538192993
12 
-81.2831554776
22.7484913973
74.650047184
72.9406503754
13.1204078298
-21.6538192993
12 23 
-81.2831554776
22.7484913973
74.650047184
72.9406503754
13.1204078298
-21.6538192993
12 
-81.2831554776
22.7484913973
74.650047184
72.9406503754
13.1204078298
-21.6538192993
12 23 
-81.2831554776
22.7484913973
74.650047184
72.9406503754
13.1204078298
-21.6538192993
11 23 
-81.2831554776
22.7484913973
74.650047184
72.9406503754
13.1204078298
-21.6538192993
23 24 
-81.2831554776
22.7484913973
74.650047184
72.9406503754
13.1204078298
-21.6538192993
22 23 
-81.2831554776
22.7484913973
74.650047184
72.9406503754
13.1204078298
-21.6538192993
12 
-81.2831554776
22.7484913973
74.650047184
72.9406503754
13.1204078298
-21.6538192993
12 
-81.2831554776
22.7484913973
74.650047184
72.9406503754
13.1204078298
-21.6538192993
12 
-81.2831554776
22.7484913973
74.650047184
72.9406503754
13.1204078298
-21.6538192993
12 23 
-81.2831554776
22.7484913973
74.650047184
72.9406503754
13.1204078298
-21.6538192993
11 12 23 
-81.2831554776
22.7484913973
74.650047184
72.9406503754
13.1204078298
-21.6538192993
12 
-81.2831554776
22.7484913973
74.650047184
72.9406503754
13.1204078298
-21.6538192993
12 23 
-81.2831554776
22.7484913973
74.650047184
72.9406503754
13.1204078298
-21.6538192993
24 
-81.2831554776
22.7484913973
74.650047184
72.9406503754
13.1204078298
-21.6538192993
12 23 
-81.2831554776
22.7484913973
74.650047184
72.9406503754
13.1204078298
-21.6538192993
12 23 
-81.2831554776
22.7484913973
74.650047184
72.9406503754
13.1204078298
-21.6538192993


