101 011 101 011 101 011 101 011 101 011 101 011  -43.9869514452 15.0103281209 63.1172740798 79.8597099025 0.800406785969 -18.0913146301 -11.5499218606
101 009 101 009 101 009 101 009 101 009 101 009 101 009 101 009 101 009 101 009 101 101 024 101 024 101 024 101 024 101 024 101 024 101 024 101 024 101 024 101 024  -56.1515922558 10.1958083478 72.5627811801 57.5902911108 -16.0507516421 -14.3647279965 -17.3386889663
023 023 023 023 023 023 101 024 101 024 101 024 101 024 101 024 101 024 101 024 101 024 101 024  -44.8347657571 8.15414248435 70.9678108025 88.7154465234 33.5561180941 -15.7609199899 9.18421986854
027 027 027 027 027 027 027 027 027 027 023 023 023 023 023 101 027 101 027 101 027 101 027 101 027 101 027 100 100 100 100 100 100 100 100 100  -40.0685215494 11.172877302 70.8425496134 94.6570172557 -45.9672864023 -3.26270964348 14.6769439228
101 028 101 028 101 028 101 028 101 024 101 024 101 028 101 024 101 024 101 024 024 024 024 024 024 024 024 024  -59.6989291444 3.62949158192 78.2801134055 84.7477585476 -54.6835006787 -9.08609467475 13.8903598558
101 024 101 024 101 024 101 024 101 024 101 024 101 024 101 024 101 024 101 024 023 012 012 012 023 023 023 023 012 100 023 100 023  -56.5077680977 17.0632886877 77.8012725569 90.940233913 24.2727819336 -12.1260357031 27.8014108487
101 101 101 011 011 011 011 011 011 011 011 011 024 024 024 024 024 024 024 024 024 102 012 102 012 102 012 102 012 102 012 102 012 102 012 102 012 102 012  -65.5394213829 4.81940210693 75.8014437124 74.3480097076 -14.5637147106 -7.74902624436 16.6770348688
101 023 023 023 023 023 023 023 023 023 023 023 023 023 023 012 012 101  -36.2844520968 0.888910404139 62.3923151393 96.7630188134 65.4971641628 -20.5824736612 -10.5068654869
101 101 101 009 101 009 101 009 101 009 101 009 101 009 101 009 101 009 101 009 101 009 104 012 104 012 104 012 104 012 104 012 104 012  -61.9624394826 1.22833343536 58.9947061657 76.8575970395 -75.1014825286 -9.63188713169 29.6620220073
023 027 027 023 023 023 023 023 023 023 023 023 101 028 101 028 101 027 101 027 101 027 101 027 101 023 101 024  -41.1923589187 3.66124949849 52.1738020922 78.6299250076 54.4365238206 -6.43134203156 -18.8741370214
101 023 101 023 101 023 101 023 101 023 101 023 101 023 101 023 101 023 101 023  -45.2442297499 21.0342733886 69.4706532873 83.8620612998 31.1661568998 -17.995733939 -16.0183323625
101 023 023 023 023 023 023 023 023 023 023  -51.674894632 23.0908115633 73.0543521308 101.750745761 -17.3972713646 -8.19465522483 16.4186298462
023 023 023 023 023 023 101 101 101 101 101 101 101 101 101 101  -40.1643895325 12.6610467915 74.4165251648 88.7206804612 56.2169104235 -28.4147027537 -10.1600530131
023 023 023 023 023 101 027 101 027 101 027 101 027 101 027 101 027 101 027 101 023 101 023 101 023  -33.709017821 5.17490483752 58.1449347007 98.3366324637 67.6908665342 -10.6608415685 -3.61944824425
101 011 011 011 011 011 011 012 012 012 012 023 023 012 012 103 012 103 012 103 023 103 023 103 012 103 012  -63.2929737003 10.9407801915 70.3561629257 85.6798287644 -25.7300440996 -12.995063456 35.0967518507
101 011 011 011 011 011 011 011 011  -63.2011580323 14.770771302 71.3765269471 69.1084071887 68.029173894 -22.4379751952 -4.76542422595
101 011 101 011 101 011 101 011 101 011 101 011 101 011 101 011 101 011 101 011 012 012 012 012 012 012 012 012  -48.4472883516 16.9372445718 62.6840874903 94.4530412008 52.6064134661 -6.79331893577 12.098682408
101 012 101 012 101 012 101 012 101 012 101 012 101 012  -34.9012950138 13.9884601613 63.087883752 91.5360277652 53.8672679729 -29.9586153632 6.04434622634
023 023 023 023 023 023 023 023 023 023 024 024 024 024 024 024 024 024 024 024 101 024 101 024 101 024 101 024 101 024 101 024 101 024 101 024 101 024 101 024  -56.8276727174 7.16083358299 77.7748262041 80.022526441 49.9506811511 -5.24976430328 27.1335516661
102 023 102 023 102 023 102 023 102 023 102 023 102 023 102 023 102 023 102 023 023 023 023 023 023 101 024 101 024 101 024 101 024 101 024 101 024 101 024 101 024 101 024 101 024 103 023 103 023 103 023 103 023 103 023 103 023 100 012 100 012 100 012 100 012  -42.7787326613 1.6211483325 63.9600812512 88.1613894059 -22.7670166934 -25.3872991127 20.4307835664
101 101 101 101 101  -52.932144334 7.39849430345 73.6065740687 54.5864381973 -33.0035458535 -17.5998257425 -15.7810506697
101 012 012 023 012 012 012  -54.371532998 12.1574610131 73.8445709962 90.0749534954 6.82083254527 -2.33980135321 -0.327066284628
101 009 101 009 101 009 101 009 101 009 101 009 101 009 101 009 101 009 100 012 100 012 100 012 100 012 100 012 100 012 012 012 012 012 012 012 012 012  -61.7130018188 8.92636870353 70.6177670726 85.130961766 8.7980201148 -5.65927951945 28.8785988063
101 024 101 024 101 024 101 024 101 024 101 024 101 024 101 024 023 023 023 023  -52.6505219002 16.2106106648 70.5544587119 98.8794537412 77.5225763066 -0.499082320633 0.24212288288
024 024 024 024 024 024 024 024 024 101 028 101 024 101 028 101 024 101 028 101 024 101 024 101 024 101 024 101 024  -55.4707465868 7.16378789894 64.5707616133 73.7461010987 82.2358657412 -11.5728234352 -3.25837686307
103 101 027 101 027 101 027 101 027 101 027 101 027 101 027 101 027 101 027 101 027 027 027 027 027 027 027 027 027 027 027 102 012 102 012 102 012 102 012 102 012 023 023 023 023 104 103 103 103 103 103 103 103  -39.2169044175 0.130362246421 58.2259459486 88.7406124259 -82.0622832136 -14.7607862524 32.5312555642
101 024 101 024 101 024 101 024 101 024 101 024 101 024 101 024 101 024 101 024 024 024 024 024 100  -52.5972907491 3.40638459263 73.4013575129 99.2381974364 3.85390536234 -7.27543757076 38.0766455315
101 101 101 024 024 024 024 101 028 101 024 101 028 101 024 101 024 101 024 101 024 101 024 101 024 101 024  -61.4424274496 5.75350852305 69.9693671105 63.6366262264 -34.7034550084 -5.03785674746 6.81163049329
101 023 023 023 023 023 023 023 023 023 023 023 023 023 023 023 023 103 103 103 103 103 103 102 102 102 102 102  -53.6078273189 10.1879070994 79.4109893014 93.6549133622 -29.2714631135 -16.0948820945 7.91508308604
101 028 101 028 101 028 101 028 101 028 101 028 101 028 101 028 101 028 024 024 024 024 024 024 024 024 024 024  -48.1269016476 8.01265764024 65.1041121102 75.4650064647 -40.2895082109 -1.97376007324 10.4993487632
011 011 011 011 011 011 011 011 011 011 012 012 012 012 012 012 012 012 012 012 100 012 100 012 100 012 100 012 100 012 100 012 100 012 100 012 100 012 100 012 101 011 101 011 101 011 101 011 101 011 101 011 101 011 101 011 101 011 101 011  -66.8300220364 8.81344162645 79.0530666911 62.33133205 19.3560537633 -20.3462949682 -15.8071361862
101 008 101 008 101 008 101 008 101 008 101 008 101 008 101 008 101 008  -80.3816876326 7.2978851901 68.6981908007 56.5026317948 -49.1162190976 -6.04459358157 37.6498658602
101 101 101 009 101 009 101 009 101 009 101 009 101 009 101 009 101 009 101 009 101 009  -86.8859842216 5.42909598671 76.8929645049 66.1755578869 68.4380149693 -12.0968764584 -17.6769696614
103 012 103 012 103 023 103 023 103 012 103 012 103 012 103 023 103 023 104 023 104 023 104 023 104 023 104 023 104 023 104 023 104 023 104 023 012 012 023 023 023 023 012 012 023 023 023 023 023 023 101 011 101 011 101 011 101 011 101 011 101 011 101 011 101 011 101 011  -60.8112705089 9.29948057711 74.823105853 73.0050564718 -44.9759994059 -3.12626233493 -3.69331348388
100 012 100 012 100 012 100 012 100 012 100 012 100 012 100 012 101 024 101 024 101 024 101 024 101 024 101 024 101 024 101 024 101 024 101 024 012 012 012 012 012 012 012 012 012 012  -42.5287800129 0.329300963524 57.5886110215 88.3976877997 9.99987521429 -6.68727507832 31.0646610889
101 012 101 012 101 012 101 012 101 012 101 012 101 012 101 012  -30.042147282 6.59317256817 65.5988224513 98.4484882943 85.827521115 -22.4293904005 29.9556516038
101 011 101 011 101 011 101 011 101 011 101 012 101 011 101 011 101 012 101 012 100 100 100 100 100 100 100 100 100 100  -56.932372763 20.1102858584 75.043647242 96.9377892058 19.1495798152 -11.4366851407 19.3333342147
101 025 101 025 101 025 101 025 101 025 101 025 101 025 101 021 101 025 101 025 021 024 024 023  -42.7556341049 8.97802335415 73.3807411075 73.9687548146 -24.3267603227 -16.6554539029 -9.95106218514
101 021 101 021 101 021 101 021 101 021 101 021 101 021 101 021 101 021 101 021 102 023 102 023 102 023 102 023 102 023 102 023 102 023 102 023  -38.0187193251 9.41660647374 61.8140579332 93.4398572943 -55.9087729674 -27.5523457697 28.2724634698
023 023 023 023 023 023 027 027 027 023 023 023 023 023 023 023 101 027 101 027 101 027 101 027 101 027 101 027 102 102 102 102 102 102 102 102  -31.4347961168 6.00692837243 54.448782905 94.3606794991 -46.4737274957 -3.39984216535 35.346824111
101 101  -63.4726416405 12.7852156187 74.5238176914 64.7013147696 -69.3602888074 -12.3224382776 20.0298238937
101 101 101 101 104 023 104 023 104 012 104 012  -64.5834529948 21.8289406655 78.2622996545 80.0128195153 -70.5980660469 -10.9583952151 5.6314419786
101 024 101 024 101 024 101 024 101 024 101 024  -49.4479360256 18.9530287456 61.4952246861 94.0563935916 -26.8514674661 -10.2933116811 35.1659414739
101 011 101 011 101 011 101 011 101 011 101 011 101 011 101 011 101 011 101 011 023 023 023 023 023 023 023 023 023 100 023 100 023 100 023 100 023 100 023 100 023 100 023 100 023  -50.2852816371 1.37934800903 67.0039294248 75.9242374891 41.6273640836 -23.3451907635 9.24406501573
101 024 101 024 101 028 101 024 101 024 101 024 101 024 101 024 101 024 101 024 024 024 024 024 024 024 024 024 024 024 023 023 023  -45.706976115 2.40478283428 77.8502969869 94.1609731902 66.4777336505 -14.1590010665 36.7266370198
101 101 101 008 101 008 101 008 101 008 101 008 101 009  -77.4641535729 12.2942104474 77.500289988 54.1113114999 -23.1518159111 -2.60659879498 4.85439067293
101 012 101 012 101 012 101 012 101 011 101 012 101 012 101 012 101 012  -42.2994599644 16.7630423242 73.055328836 102.935326737 81.6201911085 -0.148546721924 28.9147455613
101  -43.6540922228 7.10523523248 63.2528898445 82.6274713428 32.8491690296 -11.2109662132 -17.0522578458
101 023 023 023 023 023 023 023 023 102 102 102 102 102 102 103 103 103 103 103 103 103 103 103 103  -38.1674187366 5.01437508903 71.1085429412 93.7303101792 -66.8054425032 -12.866175669 1.9440683427
101 101 012 012 012 012 012 012 012 012 012 103 012 103 012 103 012 103 012 103 012  -72.2085469238 14.8296576236 77.4535409846 75.5827834546 -44.8243135818 -11.3609976135 20.7890881007
101 101 101 009 101 009 101 009 101 009 101 009 101 009 101 009 101 009 101 009 101 009  -53.9985924941 7.27172082689 61.1974008612 65.4544291839 -42.4731852184 -2.67514864361 4.73560417987
101 027 101 027 101 027 101 027 101 027 101 027 101 027 101 027 101 027 101 027 023 023 023 023 023 023 023 023 023 023 023 023 023 023 023 023 023 023 023 023 023  -50.1410580504 1.20896599443 75.1568553193 91.178280198 74.7332747618 -16.357913484 -4.13265710837
101 024 101 024 101 024 101 024 101 024 101 024 101 024 101 024 101 024 101 024  -35.6290965716 10.2907677372 55.5403067586 90.3403499777 54.634385182 -6.08388692756 6.2432817065
101 025 101 025 101 025 101 027 101 027 101 023 101 023 101 023 023 023 023 023 023 023  -46.1267153029 9.76893951283 76.8348193245 67.120689731 9.09321250004 -26.8620795235 -15.5397900387
101 011 101 011 101 011 101 011 101 011 101 011  -61.6905367469 27.9065519041 74.0064736879 91.4883055926 67.03454129 -17.366032266 -0.671654199421
101 028 101 028 101 028 101 028 101 028 101 028 101 028 101 028 101 028 101 028 024 024 024 023 023 023  -49.1394987668 2.12298284282 72.6150740092 75.4012869703 -7.95739968063 -10.9252898398 -8.35846689661
101 028 101 024 101 024 101 024 101 024 101 024 101 024 101 024 101 024 101 024 024 024 024 024 024  -55.7936755788 10.8525334051 70.6375057673 79.7209958385 45.96965962 -3.92099707945 7.64125690284
101 009 101 009 101 005 101 008 101 009 101 008 101 008 101 009  -67.7868947882 2.04658542782 69.0941749965 58.76581248 84.2193822787 -3.94042370997 21.7781218867
101 011 101 011 101 011 101 011 101 011 101 011 012 012 012 012 012 012 012 012 103 012 103 012 103 012 103 012 103 012 103 012 103 012 103 012  -70.2199692754 13.3054276029 75.5880153563 89.700013542 -22.5438939966 -8.76573275496 36.374446873
101 009 101 009 101 009 101 009 101 009 101 009 101 009 101 009 101 009  -50.9365622844 14.7415982018 62.081470451 71.9733043509 -45.025522302 -2.39682519681 3.70547727194
101 027 101 027 101 027 101 027 101 027 101 027 101 027 101 027 027 027 027 027 027 023 027 023 023 023 023 023 023 023 023 023 023 023 023 023 112 111 112 112 111 112 112 112 112 112  -33.9256695613 6.42638396948 75.6491532039 94.1615091306 87.0991133379 -4.93184089464 33.8423730728
101 024 101 024 101 024 101 024 101 024 101 024 101 024 101 024 101 024 101 024 024  -62.8470139439 3.00956750441 75.7145452694 87.5154089095 -18.7665027748 -2.225419841 25.1168271057
023 023 023 023 101 025 101 025 101 025 101 025 101 025 101 023 101 023 101 023 101 023 101 023 100 100 100 100 100 100 100 100 100  -31.8934054928 1.70010396713 74.8099694348 78.4165554984 -52.4899167947 -28.2043097454 -18.7967335466
101 009 101 009 101 009 101 009 101 009 101 009 101 009 101 009 101 009 101 009  -56.7435132369 9.89991496443 67.9807844139 60.8936117226 35.36589225 -29.9829932953 2.61451830278
101 101 101 101 024 101 024 101 024 101 024 101 024 101 024 101 024 101 024 101 024 101 024 024 024 024 024 024 023 023 023 023 023 023 023 023 023 023  -52.1841314081 5.00547562931 70.1410754555 68.3615374035 38.7833235007 -24.6183686956 8.78000865119
101 101 101 009 101 009 101 009 101 009 101 009 101 009 101 009 101 009 101 009 101 009 009 009 009 009 009 009 009 009 009  -78.8076274219 2.68124603358 69.1887583711 50.1231083427 64.4023065244 -11.5866245792 -16.550028529
101 009 101 009 101 009 101 009 101 009 101 009 101 009 101 009 101 009 101 009 023 023 023 023 012 023 023 100 023 100 023  -58.1207952427 13.4762240019 77.6321313154 75.0014169702 12.2085272253 -24.9709986192 19.1745985599
101 028 101 024 101 024 101 024 101 024 101 028 101 024 101 028 101 024 101 024 024 024 024 024 023 023 103 023 103 023 103 023 103 023 103 023 103 023  -47.5578946785 2.92476037778 69.4168577886 101.66308711 -66.2167444077 -9.57322036318 12.4845571605
102 023 102 023 102 023 102 023 102 023 102 023 102 023 021 021 021 021 021 021 021 021 023 023 101 025 101 025 101 025 101 025 101 025 101 021 101 021 101 021 101 021 101 021 023 023  -45.2505029097 9.27372313534 65.4355383025 83.5638849163 -60.8897048586 -9.5676365659 25.7245392028
101 009 101 009 101 009 101 009 101 009 101 009  -63.7871512869 14.3776549019 63.7782912812 61.6650595777 69.7031470851 -9.39671234894 -15.6380653658
101 024 101 024 101 024 101 024 101 024 101 024  -41.4640368397 15.827099293 71.1235497801 81.4929071135 10.1200220367 -27.8947237884 3.70037045541
101 022 101 022 101 022 101 023 101 023 101 023 101 023 101 023 101 023  -40.830769892 18.6501559816 74.8053433084 84.5939222208 -47.9557544657 -6.59182634126 -2.49090013968
